cam0=[3577.988 0 1232.000; 0 3577.988 1028.000; 0 0 1]
cam1=[3577.988 0 1232.000; 0 3577.988 1028.000; 0 0 1]
doffs=0
baseline=540
width=2464
height=2056
ndisp=768
isint=0
vmin=0
vmax=768
dyavg=0
dymax=0
